                 Generalized Linear Model Regression Results                  
==============================================================================
Dep. Variable:                ClaimNb   No. Observations:               678013
Model:                            GLM   Df Residuals:                   677982
Model Family:                 Poisson   Df Model:                           30
Link Function:                    Log   Scale:                          1.0000
Method:                          IRLS   Log-Likelihood:            -1.4515e+05
Date:                Fri, 13 Feb 2026   Deviance:                   2.2098e+05
Time:                        15:37:12   Pearson chi2:                 1.74e+06
No. Iterations:                     7   Pseudo R-squ. (CS):           0.005151
Covariance Type:            nonrobust                                         
=======================================================================================
                          coef    std err          z      P>|z|      [0.025      0.975]
---------------------------------------------------------------------------------------
const                  -1.0992      0.030    -36.288      0.000      -1.159      -1.040
VehPower                0.0058      0.003      2.210      0.027       0.001       0.011
DrivAge_group_25-35    -0.6308      0.022    -28.072      0.000      -0.675      -0.587
DrivAge_group_35-50    -0.5985      0.021    -28.724      0.000      -0.639      -0.558
DrivAge_group_50-70    -0.6528      0.021    -30.716      0.000      -0.694      -0.611
DrivAge_group_70+      -0.5902      0.027    -21.710      0.000      -0.644      -0.537
VehAge_group_1-5Y      -0.5460      0.015    -35.843      0.000      -0.576      -0.516
VehAge_group_10-20Y    -0.6898      0.016    -42.734      0.000      -0.721      -0.658
VehAge_group_20+Y      -1.0713      0.061    -17.434      0.000      -1.192      -0.951
VehAge_group_5-10Y     -0.4880      0.015    -31.716      0.000      -0.518      -0.458
Region_R21             -0.0262      0.081     -0.325      0.745      -0.184       0.132
Region_R22             -0.0636      0.050     -1.264      0.206      -0.162       0.035
Region_R23             -0.2559      0.060     -4.292      0.000      -0.373      -0.139
Region_R24             -0.2331      0.020    -11.942      0.000      -0.271      -0.195
Region_R25             -0.2257      0.043     -5.260      0.000      -0.310      -0.142
Region_R26             -0.2070      0.047     -4.401      0.000      -0.299      -0.115
Region_R31             -0.2183      0.033     -6.558      0.000      -0.284      -0.153
Region_R41             -0.4535      0.044    -10.402      0.000      -0.539      -0.368
Region_R42             -0.1192      0.088     -1.352      0.176      -0.292       0.054
Region_R43             -0.2659      0.133     -1.993      0.046      -0.527      -0.004
Region_R52             -0.2281      0.028     -8.256      0.000      -0.282      -0.174
Region_R53             -0.1738      0.025     -6.891      0.000      -0.223      -0.124
Region_R54             -0.2818      0.036     -7.816      0.000      -0.352      -0.211
Region_R72             -0.2657      0.032     -8.410      0.000      -0.328      -0.204
Region_R73             -0.2774      0.041     -6.716      0.000      -0.358      -0.196
Region_R74             -0.0904      0.064     -1.409      0.159      -0.216       0.035
Region_R82             -0.0677      0.021     -3.163      0.002      -0.110      -0.026
Region_R83             -0.4887      0.074     -6.564      0.000      -0.635      -0.343
Region_R91             -0.1732      0.030     -5.772      0.000      -0.232      -0.114
Region_R93             -0.1313      0.023     -5.813      0.000      -0.176      -0.087
Region_R94              0.0127      0.066      0.193      0.847      -0.116       0.141
=======================================================================================